1
 12 0 0 0 0 0 0
 0 0.02 477.589 0 2.99981 0.73516 0.73516 0.0129452 0.0129452 5.10564 1.60206 -6.80012 7.54497 0 0 0
1
 12 0 0 0 0 0 0
 0 0.02 477.589 0 2.99981 0.73516 0.73516 0.0129452 0.0129452 5.10564 1.60206 -6.80012 7.54497 0 0 0
1
 8 0 0 0 0 0 0
 0 0.02 28.9842 29.1247 9.64015 9.30944 2.77607 703.678 703.678 3.53047 4.77193 -2.20984 -4.96999 0 0 0
1
 18 0 0 0 0 0 0
 0 0.02 28.9842 0 9.64015 1.23945 1.23945 2.02239e-05 2.02239e-05 6.91524 3.22797 -18.1093 14.7894 0 12 0.1
1
 18 0 0 0 0 0 0
 0 0.02 28.9842 0 9.64015 1.23945 1.23945 2.02239e-05 2.02239e-05 6.91524 3.22797 -18.1093 14.7894 0 12 0.1
1
 12 0 0 0 0 0 0
 0 0.02 477.589 0 2.99981 0.73516 0.73516 0.0129452 0.0129452 5.10564 1.60206 -6.80012 7.54497 0 0 0
